batch_size: 64
dataset: faces
epochs: 40
final_loss: 0.018701048421985878
image_size: 128
latent_dim: 80
lr: 0.001
model: decoder
num_samples: 202599
timestamp: '2026-04-20T19:57:28.428024'
training_time_seconds: 1242.64
