batch_size: 64
dataset: faces
epochs: 80
final_loss: 0.013930173857585866
image_size: 128
latent_dim: 80
lr: 0.001
model: decoder
num_samples: 202599
timestamp: '2026-04-20T20:48:22.085609'
training_time_seconds: 2440.87
